%time,field.data
1412088478996223665,0.1
1412088479096185544,0.1
1412088479196017298,0.1
1412088479294900859,0.1
1412088479395003410,0.1
1412088479494603549,0.1
1412088479595290640,0.1
1412088479694909296,0.105
1412088479795834465,0.105
1412088479895945857,0.105
1412088479994983837,0.105
1412088480094893526,0.105
1412088480194988891,0.105
1412088480294906769,0.105
1412088480394770107,0.105
1412088480494770394,0.105
1412088480594911213,0.105
1412088480694508407,0.11
1412088480795581452,0.11
1412088480894793340,0.11
1412088480994796383,0.11
1412088481094792772,0.11
1412088481195029992,0.11
1412088481294722521,0.11
1412088481394592069,0.11
1412088481494517872,0.11
1412088481594614506,0.11
1412088481695038899,0.115
1412088481794995365,0.115
1412088481894680197,0.115
1412088481995903649,0.115
1412088482094850351,0.115
1412088482195530449,0.115
1412088482294510063,0.115
1412088482395669062,0.115
1412088482494905199,0.115
1412088482594847154,0.115
1412088482694609805,0.12
1412088482794275348,0.12
1412088482894651847,0.12
1412088482994363602,0.12
1412088483094461375,0.12
1412088483195718292,0.12
1412088483294559977,0.12
1412088483394497446,0.12
1412088483494708903,0.12
1412088483594450337,0.12
1412088483694866768,0.125
1412088483794927587,0.125
1412088483894781673,0.125
1412088483995624325,0.125
1412088484095790439,0.125
1412088484194315919,0.125
1412088484294421015,0.125
1412088484394642966,0.125
1412088484494766123,0.125
1412088484594684105,0.125
1412088484695482447,0.13
1412088484794217495,0.13
1412088484894591483,0.13
1412088484994743204,0.13
1412088485094886746,0.13
1412088485196121136,0.13
1412088485294417179,0.13
1412088485394579938,0.13
1412088485495370198,0.13
1412088485594908296,0.13
1412088485694849481,0.135
1412088485794677082,0.135
1412088485894815965,0.135
1412088485995250758,0.135
1412088486094685752,0.135
1412088486194340363,0.135
1412088486294351665,0.135
1412088486395176570,0.135
1412088486494997577,0.135
1412088486594823056,0.135
1412088486694284801,0.14
1412088486794399411,0.14
1412088486894652416,0.14
1412088486994288779,0.14
1412088487095558764,0.14
1412088487194671028,0.14
1412088487294806662,0.14
1412088487394426333,0.14
1412088487494499430,0.14
1412088487595160407,0.14
1412088487694769225,0.145
1412088487794248074,0.145
1412088487894522276,0.145
1412088487994297849,0.145
1412088488094263765,0.145
1412088488194960347,0.145
1412088488295422957,0.145
1412088488394570215,0.145
1412088488494335147,0.145
1412088488595213786,0.145
1412088488694776205,0.15
1412088488794775122,0.15
1412088488894240711,0.15
1412088488994333510,0.15
1412088489094356855,0.15
1412088489194590342,0.15
1412088489294563950,0.15
1412088489394548330,0.15
1412088489494120256,0.15
1412088489594810321,0.15
1412088489694328659,0.155
1412088489794122596,0.155
1412088489894260754,0.155
1412088489995109741,0.155
1412088490095166770,0.155
1412088490194440592,0.155
1412088490294992858,0.155
1412088490394339415,0.155
1412088490494652714,0.155
1412088490594946490,0.155
1412088490694437104,0.16
1412088490793990844,0.16
1412088490894950598,0.16
1412088490994657947,0.16
1412088491094003075,0.16
1412088491195218782,0.16
1412088491294036545,0.16
1412088491394042021,0.16
1412088491494187920,0.16
1412088491594109881,0.16
1412088491694179202,0.165
1412088491794079061,0.165
1412088491894919975,0.165
1412088491994829529,0.165
1412088492094074916,0.165
1412088492194069008,0.165
1412088492294079732,0.165
1412088492394336866,0.165
1412088492495270674,0.165
1412088492596359476,0.165
1412088492694003063,0.17
1412088492794941443,0.17
1412088492894226443,0.17
1412088492994028662,0.17
1412088493094084596,0.17
1412088493194146780,0.17
1412088493294177705,0.17
1412088493394269622,0.17
1412088493494470110,0.17
1412088493594294967,0.17
1412088493694497241,0.175
1412088493794378396,0.175
1412088493894325832,0.175
1412088493995633907,0.175
1412088494094945508,0.175
1412088494194311174,0.175
1412088494294326658,0.175
1412088494395732686,0.175
1412088494494565780,0.175
1412088494594690406,0.175
1412088494695404645,0.18
1412088494794617162,0.18
1412088494894477775,0.18
1412088494994544008,0.18
1412088495095634164,0.18
1412088495194463938,0.18
1412088495294470092,0.18
1412088495395327150,0.18
1412088495494936965,0.18
1412088495594866592,0.18
1412088495694295691,0.185
1412088495794490020,0.185
1412088495894917610,0.185
1412088495994855886,0.185
1412088496094917938,0.185
1412088496195117546,0.185
1412088496294312598,0.185
1412088496394553375,0.185
1412088496494650219,0.185
1412088496596166489,0.185
1412088496695539938,0.19
1412088496795767974,0.19
1412088496895351010,0.19
1412088496995528133,0.19
1412088497094929814,0.19
1412088497194716325,0.19
1412088497295258697,0.19
1412088497394676295,0.19
1412088497494457588,0.19
1412088497595669618,0.19
1412088497694465436,0.195
1412088497796021918,0.195
1412088497894884463,0.195
1412088497994535335,0.195
1412088498094609197,0.195
1412088498194677970,0.195
1412088498294656564,0.195
1412088498394505840,0.195
1412088498495741607,0.195
1412088498595018559,0.195
1412088498694853400,0.2
1412088498794686853,0.2
1412088498895022806,0.2
1412088498995025017,0.2
1412088499095175712,0.2
1412088499194863090,0.2
1412088499294329635,0.2
1412088499394618955,0.2
1412088499494982184,0.2
1412088499595057028,0.2
1412088499695047268,0.205
1412088499794325519,0.205
1412088499894468336,0.205
1412088499994488394,0.205
1412088500094776648,0.205
1412088500195412242,0.205
1412088500295324467,0.205
1412088500394847600,0.205
1412088500495041166,0.205
1412088500595445680,0.205
1412088500694885674,0.21
1412088500794303024,0.21
1412088500895672241,0.21
1412088500994926559,0.21
1412088501094767534,0.21
1412088501196206955,0.21
1412088501294275368,0.21
1412088501394802067,0.21
1412088501495131822,0.21
1412088501596317532,0.21
1412088501694504308,0.215
1412088501794565664,0.215
1412088501895552978,0.215
1412088501994605608,0.215
1412088502094493214,0.215
1412088502194759413,0.215
1412088502294364480,0.215
1412088502394572302,0.215
1412088502495052591,0.215
1412088502595027112,0.215
1412088502695172410,0.22
1412088502794775692,0.22
1412088502894790166,0.22
1412088502995431836,0.22
1412088503094721520,0.22
1412088503194315328,0.22
1412088503295278259,0.22
1412088503394877930,0.22
1412088503495272733,0.22
1412088503594704115,0.22
1412088503694534670,0.225
1412088503794677344,0.225
1412088503894843167,0.225
1412088503994484451,0.225
1412088504094618130,0.225
1412088504194898200,0.225
1412088504295059388,0.225
1412088504394557511,0.225
1412088504495655191,0.225
1412088504594971043,0.225
1412088504694606787,0.23
1412088504794699797,0.23
1412088504894849964,0.23
1412088504994988218,0.23
1412088505095022139,0.23
1412088505194452055,0.23
1412088505294376898,0.23
1412088505395435626,0.23
1412088505494370758,0.23
1412088505594397431,0.23
1412088505695279468,0.235
1412088505794546528,0.235
1412088505894554048,0.235
1412088505994691478,0.235
1412088506095084870,0.235
1412088506194324533,0.235
1412088506294003678,0.235
1412088506395509295,0.235
1412088506494064047,0.235
1412088506594373319,0.235
1412088506695565581,0.24
1412088506794520013,0.24
1412088506894655360,0.24
1412088506994387642,0.24
1412088507094120931,0.24
1412088507194681757,0.24
1412088507294317130,0.24
1412088507394749313,0.24
1412088507494856030,0.24
1412088507594821204,0.24
1412088507694235806,0.245
1412088507794423086,0.245
1412088507894648707,0.245
1412088507994746286,0.245
1412088508094876447,0.245
1412088508194929886,0.245
1412088508294628668,0.245
1412088508394907608,0.245
1412088508496014883,0.245
1412088508594759843,0.245
1412088508694902153,0.25
1412088508795523084,0.25
1412088508894840021,0.25
1412088508994476321,0.25
1412088509094775373,0.25
1412088509194908182,0.25
1412088509294641558,0.25
1412088509395166266,0.25
1412088509495703620,0.25
1412088509595549222,0.25
1412088509694942649,0.255
1412088509794431677,0.255
1412088509894403825,0.255
1412088509995333130,0.255
1412088510094868283,0.255
1412088510194361056,0.255
1412088510294374496,0.255
1412088510395506780,0.255
1412088510495395540,0.255
1412088510594550748,0.255
1412088510694440286,0.26
1412088510794354842,0.26
1412088510895865639,0.26
1412088510994657722,0.26
1412088511094375825,0.26
1412088511194406558,0.26
1412088511295355192,0.26
1412088511394977868,0.26
1412088511495047891,0.26
1412088511594434880,0.26
1412088511694670916,0.265
1412088511794304142,0.265
1412088511894852602,0.265
1412088511995968773,0.265
1412088512094948483,0.265
1412088512194709986,0.265
1412088512294277829,0.265
1412088512394700914,0.265
1412088512494523923,0.265
1412088512595720901,0.265
1412088512695142963,0.27
1412088512795384752,0.27
1412088512894419924,0.27
1412088512995347467,0.27
1412088513094407639,0.27
1412088513195682155,0.27
1412088513295083709,0.27
1412088513394404082,0.27
1412088513495883663,0.27
1412088513595121440,0.27
1412088513695091125,0.275
1412088513794346525,0.275
1412088513894977590,0.275
1412088513994438120,0.275
1412088514094582228,0.275
1412088514194648933,0.275
1412088514294146536,0.275
1412088514395327004,0.275
1412088514494513572,0.275
1412088514594734399,0.275
1412088514694746035,0.28
1412088514795365885,0.28
1412088514894349790,0.28
1412088514994439129,0.28
1412088515094566942,0.28
1412088515194943217,0.28
1412088515295632118,0.28
1412088515395109788,0.28
1412088515494884694,0.28
1412088515594957002,0.28
1412088515695095415,0.285
1412088515794678303,0.285
1412088515894892586,0.285
1412088515994777917,0.285
1412088516095436991,0.285
1412088516194850475,0.285
1412088516294274221,0.285
1412088516394831073,0.285
1412088516495282517,0.285
1412088516594327430,0.285
1412088516695626156,0.29
1412088516794140641,0.29
1412088516894440059,0.29
1412088516994789266,0.29
1412088517095503836,0.29
1412088517194803452,0.29
1412088517294995705,0.29
1412088517395575737,0.29
1412088517495050780,0.29
1412088517595796462,0.29
1412088517694286612,0.295
1412088517795293456,0.295
1412088517894886853,0.295
1412088517995006115,0.295
1412088518095024051,0.295
1412088518195049203,0.295
1412088518294900011,0.295
1412088518395294586,0.295
1412088518495789386,0.295
1412088518595022035,0.295
1412088518695203564,0.3
1412088518794415221,0.3
1412088518895432391,0.3
1412088518994589572,0.3
1412088519095580678,0.3
1412088519194846606,0.3
1412088519294419522,0.3
1412088519394445338,0.3
1412088519494637115,0.3
1412088519594747387,0.3
1412088519694867649,0.305
1412088519794273339,0.305
1412088519895033895,0.305
1412088519995057938,0.305
1412088520094396730,0.305
1412088520194626613,0.305
1412088520294460041,0.305
1412088520394600153,0.305
1412088520494479286,0.305
1412088520594497318,0.305
1412088520694924772,0.31
1412088520794414257,0.31
1412088520894865909,0.31
1412088520995014629,0.31
1412088521094920347,0.31
1412088521196228118,0.31
1412088521294251070,0.31
1412088521395561510,0.31
1412088521494970808,0.31
1412088521595554995,0.31
1412088521694337592,0.315
1412088521794241426,0.315
1412088521894581746,0.315
1412088521995921138,0.315
1412088522094430859,0.315
1412088522194375719,0.315
1412088522294418066,0.315
1412088522395336451,0.315
1412088522494958940,0.315
1412088522595181594,0.315
1412088522694979384,0.32
1412088522794208177,0.32
1412088522895606684,0.32
1412088522994665616,0.32
1412088523095950603,0.32
1412088523194964555,0.32
1412088523294442077,0.32
1412088523395363798,0.32
1412088523494753898,0.32
1412088523594989643,0.32
1412088523694641988,0.325
1412088523795268711,0.325
1412088523894429456,0.325
1412088523995533465,0.325
1412088524094843398,0.325
1412088524195591168,0.325
1412088524294236342,0.325
1412088524394811544,0.325
1412088524495560816,0.325
1412088524594760616,0.325
1412088524694500216,0.33
1412088524794272188,0.33
1412088524894818983,0.33
1412088524994734776,0.33
1412088525094733548,0.33
1412088525194848764,0.33
1412088525294956439,0.33
1412088525394733554,0.33
1412088525494572397,0.33
1412088525594590171,0.33
1412088525694713205,0.335
1412088525794421484,0.335
1412088525895502507,0.335
1412088525994852294,0.335
1412088526094655839,0.335
1412088526194337151,0.335
1412088526294324711,0.335
1412088526395371344,0.335
1412088526494417613,0.335
1412088526595355054,0.335
1412088526694804092,0.34
1412088526794551580,0.34
1412088526894809676,0.34
1412088526994479209,0.34
1412088527094305517,0.34
1412088527195107046,0.34
1412088527294640796,0.34
1412088527395696261,0.34
1412088527494498240,0.34
1412088527594944387,0.34
1412088527694092142,0.345
1412088527794964725,0.345
1412088527895468385,0.345
1412088527994751625,0.345
1412088528094874436,0.345
1412088528194906719,0.345
1412088528294949361,0.345
1412088528394577035,0.345
1412088528496198717,0.345
1412088528595604660,0.345
1412088528694913360,0.35
1412088528794714514,0.35
1412088528894541405,0.35
1412088528994442719,0.35
1412088529095661176,0.35
1412088529194823312,0.35
1412088529294254650,0.35
1412088529394454291,0.35
1412088529494472351,0.35
1412088529595462139,0.35
1412088529695753313,0.355
1412088529795513211,0.355
1412088529895711480,0.355
1412088529994432420,0.355
1412088530094414732,0.355
1412088530194480639,0.355
1412088530294743231,0.355
1412088530394797983,0.355
1412088530494491214,0.355
1412088530595431264,0.355
1412088530694973141,0.36
1412088530794465079,0.36
1412088530895189297,0.36
1412088530994775052,0.36
1412088531094905223,0.36
1412088531194430457,0.36
1412088531294600532,0.36
1412088531394787978,0.36
1412088531494638327,0.36
1412088531594934380,0.36
1412088531694697525,0.365
1412088531794501920,0.365
1412088531894625678,0.365
1412088531995946117,0.365
1412088532094705863,0.365
1412088532194995021,0.365
1412088532294455402,0.365
1412088532394713700,0.365
1412088532495501786,0.365
1412088532594492628,0.365
1412088532694615007,0.37
1412088532795369462,0.37
1412088532894721743,0.37
1412088532994626491,0.37
1412088533095663945,0.37
1412088533194788833,0.37
1412088533294516791,0.37
1412088533394659080,0.37
1412088533495641201,0.37
1412088533594925385,0.37
1412088533694669231,0.375
1412088533794534440,0.375
1412088533895428740,0.375
1412088533995176199,0.375
1412088534094409686,0.375
1412088534194412302,0.375
1412088534295584624,0.375
1412088534394390980,0.375
1412088534494443449,0.375
1412088534594522844,0.375
1412088534695129016,0.38
1412088534794386492,0.38
1412088534894719122,0.38
1412088534994182566,0.38
1412088535094814924,0.38
1412088535194443085,0.38
1412088535295144985,0.38
1412088535394936847,0.38
1412088535494657820,0.38
1412088535595622857,0.38
1412088535694760591,0.385
1412088535794198538,0.385
1412088535895680774,0.385
1412088535995564699,0.385
1412088536094531421,0.385
1412088536194699781,0.385
1412088536294529556,0.385
1412088536395679949,0.385
1412088536494786439,0.385
1412088536594532294,0.385
1412088536695716538,0.39
1412088536794738702,0.39
1412088536894851550,0.39
1412088536994763141,0.39
1412088537095038116,0.39
1412088537194709126,0.39
1412088537294543747,0.39
1412088537395492606,0.39
1412088537494895401,0.39
1412088537594490992,0.39
1412088537694499219,0.395
1412088537794751157,0.395
1412088537894597021,0.395
1412088537994829714,0.395
1412088538095956994,0.395
1412088538196102350,0.395
1412088538295840827,0.395
1412088538395865066,0.395
1412088538495095894,0.395
1412088538594931095,0.395
1412088538695969706,0.4
1412088538794666071,0.4
1412088538895554807,0.4
1412088538994667321,0.4
1412088539094696938,0.4
1412088539194890157,0.4
1412088539294589796,0.4
1412088539395081102,0.4
1412088539494780783,0.4
1412088539594878839,0.4
1412088539694972293,0.405
1412088539794262826,0.405
1412088539895168315,0.405
1412088539995157338,0.405
1412088540094987346,0.405
1412088540194994220,0.405
1412088540294472262,0.405
1412088540395389933,0.405
1412088540494810871,0.405
1412088540595091173,0.405
1412088540694384519,0.41
1412088540794646045,0.41
1412088540894527814,0.41
1412088540995648214,0.41
1412088541095613778,0.41
1412088541194942829,0.41
1412088541294613699,0.41
1412088541394807019,0.41
1412088541494779568,0.41
1412088541595651184,0.41
1412088541694949019,0.415
1412088541794877320,0.415
1412088541894928186,0.415
1412088541994365012,0.415
1412088542094830465,0.415
1412088542196080000,0.415
1412088542295359837,0.415
1412088542395351253,0.415
1412088542494824130,0.415
1412088542594901611,0.415
1412088542694921876,0.42
1412088542794458278,0.42
1412088542894525292,0.42
1412088542994513124,0.42
1412088543094500022,0.42
1412088543195726008,0.42
1412088543294231093,0.42
1412088543394963788,0.42
1412088543494524820,0.42
1412088543596080676,0.42
1412088543694970740,0.425
1412088543794996326,0.425
1412088543894740354,0.425
1412088543994831590,0.425
1412088544094957591,0.425
1412088544196352986,0.425
1412088544294447253,0.425
1412088544395369585,0.425
1412088544494663383,0.425
1412088544594842306,0.425
1412088544694563816,0.43
1412088544795398038,0.43
1412088544894441973,0.43
1412088544995628392,0.43
1412088545095614264,0.43
1412088545194587040,0.43
1412088545294779590,0.43
1412088545394544885,0.43
1412088545494731941,0.43
1412088545595103172,0.43
1412088545695004865,0.435
1412088545795000446,0.435
1412088545895076224,0.435
1412088545995936278,0.435
1412088546095160548,0.435
1412088546195144012,0.435
1412088546295056525,0.435
1412088546394949319,0.435
1412088546494542893,0.435
1412088546595674685,0.435
1412088546694391574,0.44
1412088546794933406,0.44
1412088546895633377,0.44
1412088546994983441,0.44
1412088547094973970,0.44
1412088547194996674,0.44
1412088547295095998,0.44
1412088547394919429,0.44
1412088547494764899,0.44
1412088547594643775,0.44
1412088547694572864,0.445
1412088547795814021,0.445
1412088547895716145,0.445
1412088547994605379,0.445
1412088548095782887,0.445
1412088548195038587,0.445
1412088548294815375,0.445
1412088548395524284,0.445
1412088548495520250,0.445
1412088548595078273,0.445
1412088548695081207,0.45
1412088548794720352,0.45
1412088548895031929,0.45
1412088548994646316,0.45
1412088549094717193,0.45
1412088549195238488,0.45
1412088549294841809,0.45
1412088549394662927,0.45
1412088549494673607,0.45
1412088549595568186,0.45
1412088549694491676,0.455
1412088549795616673,0.455
1412088549894516283,0.455
1412088549994417648,0.455
1412088550094567531,0.455
1412088550194880150,0.455
1412088550294442344,0.455
1412088550394499092,0.455
1412088550494409012,0.455
1412088550594441048,0.455
1412088550694298039,0.46
1412088550794971438,0.46
1412088550894879693,0.46
1412088550995713602,0.46
1412088551095013735,0.46
1412088551195389360,0.46
1412088551294969234,0.46
1412088551394991986,0.46
1412088551494403181,0.46
1412088551595593704,0.46
1412088551695611173,0.465
1412088551794908189,0.465
1412088551895259911,0.465
1412088551994436405,0.465
1412088552094325918,0.465
1412088552194342965,0.465
1412088552294411759,0.465
1412088552394885125,0.465
1412088552495122802,0.465
1412088552595148177,0.465
1412088552694991329,0.47
1412088552794436077,0.47
1412088552896131298,0.47
1412088552994977157,0.47
1412088553094236641,0.47
1412088553195146503,0.47
1412088553294595229,0.47
1412088553394644073,0.47
1412088553494483374,0.47
1412088553594663399,0.47
1412088553694793141,0.475
1412088553794828467,0.475
1412088553894932106,0.475
1412088553995064269,0.475
1412088554094762885,0.475
1412088554194291036,0.475
1412088554294832999,0.475
1412088554395325715,0.475
1412088554494395837,0.475
1412088554595692512,0.475
1412088554694542060,0.48
1412088554794552150,0.48
1412088554895458397,0.48
1412088554994551838,0.48
1412088555094858732,0.48
1412088555194866406,0.48
1412088555294502442,0.48
1412088555395213934,0.48
1412088555494906877,0.48
1412088555595008284,0.48
1412088555695208847,0.485
1412088555794880882,0.485
1412088555894949469,0.485
1412088555994808184,0.485
1412088556094290709,0.485
1412088556195306561,0.485
1412088556294455830,0.485
1412088556394570716,0.485
1412088556494532436,0.485
1412088556594789970,0.485
1412088556694783960,0.49
1412088556794503555,0.49
1412088556894934215,0.49
1412088556994803984,0.49
1412088557094362048,0.49
1412088557194378594,0.49
1412088557295264240,0.49
1412088557394469094,0.49
1412088557494467869,0.49
1412088557594416675,0.49
1412088557695472355,0.495
1412088557794843204,0.495
1412088557894265198,0.495
1412088557994357092,0.495
1412088558094366758,0.495
1412088558194745455,0.495
1412088558295005041,0.495
1412088558394774960,0.495
1412088558494515668,0.495
1412088558594575730,0.495
1412088558694475924,0.5
1412088558795260667,0.5
1412088558895020396,0.5
1412088558994740905,0.5
1412088559094454330,0.5
1412088559194417066,0.5
1412088559295268444,0.5
1412088559395433057,0.5
1412088559494578085,0.5
1412088559594859067,0.5
1412088559695080769,0.505
1412088559794211233,0.505
1412088559895302555,0.505
1412088559994494503,0.505
1412088560094879202,0.505
1412088560194247007,0.505
1412088560294668225,0.505
1412088560394474145,0.505
1412088560494907874,0.505
1412088560594900264,0.505
1412088560694669083,0.51
1412088560794621985,0.51
1412088560894485826,0.51
1412088560995645773,0.51
1412088561094952898,0.51
1412088561195082276,0.51
1412088561295368719,0.51
1412088561395477014,0.51
1412088561494425336,0.51
1412088561594532424,0.51
1412088561694701637,0.515
1412088561795662927,0.515
1412088561895569989,0.515
1412088561995741956,0.515
1412088562095937188,0.515
1412088562195036213,0.515
1412088562294487072,0.515
1412088562394774388,0.515
1412088562494911080,0.515
1412088562594968178,0.515
1412088562694952469,0.52
1412088562794824848,0.52
1412088562894519147,0.52
1412088562995633695,0.52
1412088563095723451,0.52
1412088563194920511,0.52
1412088563294915208,0.52
1412088563394588326,0.52
1412088563494911586,0.52
1412088563595464826,0.52
1412088563695023134,0.525
1412088563794938398,0.525
1412088563894668662,0.525
1412088563994816826,0.525
1412088564094614795,0.525
1412088564194678101,0.525
1412088564295002621,0.525
1412088564395005139,0.525
1412088564494968719,0.525
1412088564595118163,0.525
1412088564695026606,0.53
1412088564795434642,0.53
1412088564895080400,0.53
1412088564994519441,0.53
1412088565095461374,0.53
1412088565194963551,0.53
1412088565294952388,0.53
1412088565395333488,0.53
1412088565494534249,0.53
1412088565594652289,0.53
1412088565694688035,0.535
1412088565795085010,0.535
1412088565894744335,0.535
1412088565994703476,0.535
1412088566094882936,0.535
1412088566195075636,0.535
1412088566295432904,0.535
1412088566395336795,0.535
1412088566494937698,0.535
1412088566594847817,0.535
1412088566694643757,0.54
1412088566794915236,0.54
1412088566895800215,0.54
1412088566994842732,0.54
1412088567094904626,0.54
1412088567195719833,0.54
1412088567295900713,0.54
1412088567395051825,0.54
1412088567494446823,0.54
1412088567595353772,0.54
1412088567695941859,0.545
1412088567794888593,0.545
1412088567895757624,0.545
1412088567994343610,0.545
1412088568094392949,0.545
1412088568195518599,0.545
1412088568294963626,0.545
1412088568395568421,0.545
1412088568495749357,0.545
1412088568594961833,0.545
1412088568695183443,0.55
1412088568794875404,0.55
1412088568894908959,0.55
1412088568994609746,0.55
1412088569095383932,0.55
1412088569194793052,0.55
1412088569294760731,0.55
1412088569395707688,0.55
1412088569494691450,0.55
1412088569595598561,0.55
1412088569694962034,0.555
1412088569795685997,0.555
1412088569895139204,0.555
1412088569994906717,0.555
1412088570094408878,0.555
1412088570194991965,0.555
1412088570294792931,0.555
1412088570394670583,0.555
1412088570495720872,0.555
1412088570594596873,0.555
1412088570694311568,0.56
1412088570794340449,0.56
1412088570894629875,0.56
1412088570994853801,0.56
1412088571095517649,0.56
1412088571194870801,0.56
1412088571294495292,0.56
1412088571395590552,0.56
1412088571494513286,0.56
1412088571594588806,0.56
1412088571694756547,0.565
1412088571795974684,0.565
1412088571894415759,0.565
1412088571994526684,0.565
1412088572095517973,0.565
1412088572195292548,0.565
1412088572294733795,0.565
1412088572395690374,0.565
1412088572494332766,0.565
1412088572594434374,0.565
1412088572695469464,0.57
1412088572794849378,0.57
1412088572894692954,0.57
1412088572994614944,0.57
1412088573094957455,0.57
1412088573194423252,0.57
1412088573295242443,0.57
1412088573394550914,0.57
1412088573495645077,0.57
1412088573595750417,0.57
1412088573694594634,0.575
1412088573794586174,0.575
1412088573894668224,0.575
1412088573996049342,0.575
1412088574094221842,0.575
1412088574194594283,0.575
1412088574294563245,0.575
1412088574394682274,0.575
1412088574494547141,0.575
1412088574595298383,0.575
1412088574694751957,0.58
1412088574795383577,0.58
1412088574894433183,0.58
1412088574994667285,0.58
1412088575095089326,0.58
1412088575194800240,0.58
1412088575294274119,0.58
1412088575394533425,0.58
1412088575495417743,0.58
1412088575595937141,0.58
1412088575695101453,0.585
1412088575794491670,0.585
1412088575895181161,0.585
1412088575996061545,0.585
1412088576094366446,0.585
1412088576195962874,0.585
1412088576294939869,0.585
1412088576394999403,0.585
1412088576494968106,0.585
1412088576594439218,0.585
1412088576694385934,0.59
1412088576794412273,0.59
1412088576894581833,0.59
1412088576994865594,0.59
1412088577094673146,0.59
1412088577194960269,0.59
1412088577295121570,0.59
1412088577394754370,0.59
1412088577494894032,0.59
1412088577594489542,0.59
1412088577695536217,0.595
1412088577795921598,0.595
1412088577894312041,0.595
1412088577994457470,0.595
1412088578094487743,0.595
1412088578194644869,0.595
1412088578294859711,0.595
1412088578394551869,0.595
1412088578494948966,0.595
1412088578594548475,0.595
1412088578694464709,0.6
1412088578794664658,0.6
1412088578894467028,0.6
1412088578995058729,0.6
1412088579095138607,0.6
1412088579194772457,0.6
1412088579294762457,0.6
1412088579394571571,0.6
1412088579494269562,0.6
1412088579594985044,0.6
1412088579695011465,0.605
1412088579794946961,0.605
1412088579894548504,0.605
1412088579995224300,0.605
1412088580094893909,0.605
1412088580194912502,0.605
1412088580294870282,0.605
1412088580394548169,0.605
1412088580494610600,0.605
1412088580594604053,0.605
1412088580695096845,0.61
1412088580794681480,0.61
1412088580894849116,0.61
1412088580995903569,0.61
1412088581095098891,0.61
1412088581195080707,0.61
1412088581295100154,0.61
1412088581394711526,0.61
1412088581495386803,0.61
1412088581594542921,0.61
1412088581695842834,0.615
1412088581795003589,0.615
1412088581895168821,0.615
1412088581995479731,0.615
1412088582094599709,0.615
1412088582194849251,0.615
1412088582294965580,0.615
1412088582394957070,0.615
1412088582495092294,0.615
1412088582595726444,0.615
1412088582695112318,0.62
1412088582795140681,0.62
1412088582894555058,0.62
1412088582994778981,0.62
1412088583094928917,0.62
1412088583194548788,0.62
1412088583294749203,0.62
1412088583395271733,0.62
1412088583495047979,0.62
1412088583594432576,0.62
1412088583695794853,0.625
1412088583795071971,0.625
1412088583894765217,0.625
1412088583994865146,0.625
1412088584094975370,0.625
1412088584194696924,0.625
1412088584294851508,0.625
1412088584394867261,0.625
1412088584495788608,0.625
1412088584595064034,0.625
1412088584695636469,0.63
1412088584795064196,0.63
1412088584894634192,0.63
1412088584995657928,0.63
1412088585095048780,0.63
1412088585195398243,0.63
1412088585295454482,0.63
1412088585394325080,0.63
1412088585495471257,0.63
1412088585594469680,0.63
1412088585694867093,0.635
1412088585795006484,0.635
1412088585895394722,0.635
1412088585995265056,0.635
1412088586095002985,0.635
1412088586194513076,0.635
1412088586295634361,0.635
1412088586395635486,0.635
1412088586494944007,0.635
1412088586594434645,0.635
1412088586696242437,0.64
1412088586794887599,0.64
1412088586894442165,0.64
1412088586994622453,0.64
1412088587095430253,0.64
1412088587194438471,0.64
1412088587294607733,0.64
1412088587395749297,0.64
1412088587494437815,0.64
1412088587595014039,0.64
1412088587695928565,0.645
1412088587795561379,0.645
1412088587894917397,0.645
1412088587995084033,0.645
1412088588094182525,0.645
1412088588194183617,0.645
1412088588295562976,0.645
1412088588394316639,0.645
1412088588494409670,0.645
1412088588594833243,0.645
1412088588695513835,0.65
1412088588794576094,0.65
1412088588894713871,0.65
1412088588995279625,0.65
1412088589094069921,0.65
1412088589194921975,0.65
1412088589294952947,0.65
1412088589394660561,0.65
1412088589496115808,0.65
1412088589594477085,0.65
1412088589694894417,0.655
1412088589795879567,0.655
1412088589894627512,0.655
1412088589994663313,0.655
1412088590094869347,0.655
1412088590194952315,0.655
1412088590294136752,0.655
1412088590394244233,0.655
1412088590494543433,0.655
1412088590594417614,0.655
1412088590695483988,0.66
1412088590794734024,0.66
1412088590894396663,0.66
1412088590994905494,0.66
1412088591094992948,0.66
1412088591195186574,0.66
1412088591296102266,0.66
1412088591394750855,0.66
1412088591494809640,0.66
1412088591594176494,0.66
1412088591694350561,0.665
1412088591794597167,0.665
1412088591894421073,0.665
1412088591994370842,0.665
1412088592094204243,0.665
1412088592194306360,0.665
1412088592294402231,0.665
1412088592394445273,0.665
1412088592495836424,0.665
1412088592595828329,0.665
1412088592694460088,0.67
1412088592794433600,0.67
1412088592894114580,0.67
1412088592995271216,0.67
1412088593094015167,0.67
1412088593194193345,0.67
1412088593294565083,0.67
1412088593394306608,0.67
1412088593494250908,0.67
1412088593594550534,0.67
1412088593694596473,0.675
1412088593794317691,0.675
1412088593894551602,0.675
1412088593994455003,0.675
1412088594094365212,0.675
1412088594195069292,0.675
1412088594295301655,0.675
1412088594394306728,0.675
1412088594494489803,0.675
1412088594594467957,0.675
1412088594694098084,0.68
1412088594794110111,0.68
1412088594893959433,0.68
1412088594993975453,0.68
1412088595094083854,0.68
1412088595194352992,0.68
1412088595294474049,0.68
1412088595394046042,0.68
1412088595495195402,0.68
1412088595595135427,0.68
1412088595694095664,0.685
1412088595794387541,0.685
1412088595894804532,0.685
1412088595994311469,0.685
1412088596094322930,0.685
1412088596194918279,0.685
1412088596294535521,0.685
1412088596394512048,0.685
1412088596494316879,0.685
1412088596595559426,0.685
1412088596694900311,0.69
1412088596794368915,0.69
1412088596894587579,0.69
1412088596994430136,0.69
1412088597094507257,0.69
1412088597195595832,0.69
1412088597294492639,0.69
1412088597395549887,0.69
1412088597494295050,0.69
1412088597595261007,0.69
1412088597694580454,0.695
1412088597795552562,0.695
1412088597894738310,0.695
1412088597994319475,0.695
1412088598094263310,0.695
1412088598194339333,0.695
1412088598294334679,0.695
1412088598394990511,0.695
1412088598494643287,0.695
1412088598594551391,0.695
1412088598694580051,0.7
1412088598795045225,0.7
1412088598894341671,0.7
1412088598994259360,0.7
1412088599095328746,0.7
1412088599195748878,0.7
1412088599295132084,0.7
1412088599394297618,0.7
1412088599495303765,0.7
1412088599594793851,0.7
1412088599694943757,0.705
1412088599794311619,0.705
1412088599895041156,0.705
1412088599994584550,0.705
1412088600095539310,0.705
1412088600194494769,0.705
1412088600294690772,0.705
1412088600394499926,0.705
1412088600494838637,0.705
1412088600594565661,0.705
1412088600694940143,0.71
1412088600795818762,0.71
1412088600895397586,0.71
1412088600994813945,0.71
1412088601094905884,0.71
1412088601195361991,0.71
1412088601294557512,0.71
1412088601395399808,0.71
1412088601495453572,0.71
1412088601595701837,0.71
1412088601694833344,0.715
1412088601794581264,0.715
1412088601894915723,0.715
1412088601994774064,0.715
1412088602095493895,0.715
1412088602195047850,0.715
1412088602294991574,0.715
1412088602394687028,0.715
1412088602494437882,0.715
1412088602595344740,0.715
1412088602695046366,0.72
1412088602795081957,0.72
1412088602895053161,0.72
1412088602994674750,0.72
1412088603094436083,0.72
1412088603194933250,0.72
1412088603294888031,0.72
1412088603394766680,0.72
1412088603495013551,0.72
1412088603594426062,0.72
1412088603694755792,0.725
1412088603794828792,0.725
1412088603894943742,0.725
1412088603994526021,0.725
1412088604095623809,0.725
1412088604194957699,0.725
1412088604294687058,0.725
1412088604394874355,0.725
1412088604495160195,0.725
1412088604594819860,0.725
1412088604694679211,0.73
1412088604794615866,0.73
1412088604894719899,0.73
1412088604994896483,0.73
1412088605095702140,0.73
1412088605195694981,0.73
1412088605294434632,0.73
1412088605394299469,0.73
1412088605495585076,0.73
1412088605594521954,0.73
1412088605695900614,0.735
1412088605794337561,0.735
1412088605894268085,0.735
1412088605994168205,0.735
1412088606095308969,0.735
1412088606194412172,0.735
1412088606295667973,0.735
1412088606395481774,0.735
1412088606494365258,0.735
1412088606594624071,0.735
1412088606694196272,0.74
1412088606794330217,0.74
1412088606894438933,0.74
1412088606994395440,0.74
1412088607094464478,0.74
1412088607194398612,0.74
1412088607294422292,0.74
1412088607394561182,0.74
1412088607495994822,0.74
1412088607594679354,0.74
1412088607694736346,0.745
1412088607794409151,0.745
1412088607895020109,0.745
1412088607994413066,0.745
1412088608094614239,0.745
1412088608195272865,0.745
1412088608295210025,0.745
1412088608394613768,0.745
1412088608494520967,0.745
1412088608594425661,0.745
1412088608695697820,0.75
1412088608795311650,0.75
1412088608894419557,0.75
1412088608995383845,0.75
1412088609095375377,0.75
1412088609194012502,0.75
1412088609294907305,0.75
1412088609394938925,0.75
1412088609494977554,0.75
1412088609594491895,0.75
1412088609694529663,0.755
1412088609794466079,0.755
1412088609894517638,0.755
1412088609994940276,0.755
1412088610094758614,0.755
1412088610194401239,0.755
1412088610294485139,0.755
1412088610394477422,0.755
1412088610494325077,0.755
1412088610595273153,0.755
1412088610695863055,0.76
1412088610793991403,0.76
1412088610894055808,0.76
1412088610994384396,0.76
1412088611094291269,0.76
1412088611194341103,0.76
1412088611294235986,0.76
1412088611394733799,0.76
1412088611495219078,0.76
1412088611594286482,0.76
1412088611694562993,0.765
1412088611794765390,0.765
1412088611894439814,0.765
1412088611995329967,0.765
1412088612094897146,0.765
1412088612194791871,0.765
1412088612294784094,0.765
1412088612394442881,0.765
1412088612494533606,0.765
1412088612594627821,0.765
1412088612694588844,0.77
1412088612795507693,0.77
1412088612894558324,0.77
1412088612994266566,0.77
1412088613094590186,0.77
1412088613195178987,0.77
1412088613294723719,0.77
1412088613395289826,0.77
1412088613494851334,0.77
1412088613595447697,0.77
1412088613695608792,0.775
1412088613795879282,0.775
1412088613894312539,0.775
1412088613995436140,0.775
1412088614094838957,0.775
1412088614194785209,0.775
1412088614294901560,0.775
1412088614394680925,0.775
1412088614494491141,0.775
1412088614595568372,0.775
1412088614695051116,0.78
1412088614795700445,0.78
1412088614895521895,0.78
1412088614995631214,0.78
1412088615094771889,0.78
1412088615194847181,0.78
1412088615294976718,0.78
1412088615394741719,0.78
1412088615494556635,0.78
1412088615595225893,0.78
1412088615694971744,0.785
1412088615794667188,0.785
1412088615895276668,0.785
1412088615994895379,0.785
1412088616094256052,0.785
1412088616195021711,0.785
1412088616295340260,0.785
1412088616394264615,0.785
1412088616496028488,0.785
1412088616594669020,0.785
1412088616696280007,0.79
1412088616796114106,0.79
1412088616895543733,0.79
1412088616994555835,0.79
1412088617095336737,0.79
1412088617194976659,0.79
1412088617294854577,0.79
1412088617395209303,0.79
1412088617494954300,0.79
1412088617594381867,0.79
1412088617694530149,0.795
1412088617795568501,0.795
1412088617895896477,0.795
1412088617994878591,0.795
1412088618094984891,0.795
1412088618195037959,0.795
1412088618294859988,0.795
1412088618394238920,0.795
1412088618494966418,0.795
1412088618594954668,0.795
1412088618694754743,0.8
1412088618794858915,0.8
1412088618894622293,0.8
1412088618995793380,0.8
1412088619094521656,0.8
1412088619194796490,0.8
1412088619294512705,0.8
1412088619394670631,0.8
1412088619495623192,0.8
1412088619595310964,0.8
